WAIT FOR THE RESULTS TO BE COMPUTED:

 10025010  2001  5010 
 10042510  2510  4001 
 10052010  2010  5001 
 10052064  2004  5016 
 10081260  1260  8001 
 10102252  2012  5021 
 10124352  2511  4032 
 10124757  2151  4707 
 10127475  1425  7107 
 10128235  1235  8201 
 10129900  1100  9209 
 10133788  1388  7301 
 10134985  1085  9341 
 10149750  1041  9750 
 10165680  1680  6051 
 10165815  1815  5601 
 10166350  1601  6350 
 10173820  1301  7820 
 10185934  1034  9851 
 10192248  1122  9084 
 10195794  1701  5994 
 10205100  2001  5100 
 10205370  2037  5010 
 10217493  1401  7293 
 10219680  1128  9060 
 10229845  2129  4805 
 10233054  2034  5031 
 10237864  1274  8036 
 10245550  2555  4010 
 10245820  2510  4082 
 10248925  2081  4925 
 10250460  2046  5010 
 10254100  2501  4100 
 10255000  2051  5000 
 10257790  1970  5207 
 10269504  2016  5094 
 10269598  1802  5699 
 10291779  1107  9297 
 10293966  1062  9693 
 10294200  2100  4902 
 10294695  2061  4995 
 10311966  1101  9366 
 10323225  3201  3225 
 10349527  2579  4013 
 10371649  1409  7361 
 10391746  1406  7391 
 10396800  1083  9600 
 10402600  2600  4001 
 10417167  1467  7101 
 10423530  2301  4530 
 10429753  2309  4517 
 10434226  2426  4301 
 10437678  1473  7086 
 10461784  1481  7064 
 10462090  2609  4010 
 10467792  1476  7092 
 10471162  1742  6011 
 10471293  1491  7023 
 10502100  2100  5001 
 10507500  1500  7005 
 10511694  1161  9054 
 10518678  1878  5601 
 10522350  2010  5235 
 10524208  2501  4208 
 10525000  2105  5000 
 10526400  2064  5100 
 10558368  1803  5856 
 10571080  1508  7010 
 10572300  2073  5100 
 10591398  1998  5301 
 10592482  2018  5249 
 10604277  2601  4077 
 10619145  1101  9645 
 10642540  2654  4010 
 10656432  2064  5163 
 10657480  1406  7580 
 10665720  2067  5160 
 10671417  1401  7617 
 10671660  1761  6060 
 10687513  1571  6803 
 10696824  2616  4089 
 10699744  1076  9944 
 10716300  1701  6300 
 10723185  1305  8217 
 10731609  1701  6309 
 10732306  1703  6302 
 10732900  2900  3701 
 10734192  1104  9723 
 10742868  1278  8406 
 10767568  1778  6056 
 10772190  1170  9207 
 10792390  2909  3710 
 10796674  1406  7679 
 10801350  1350  8001 
 10821600  1800  6012 
 10832850  2850  3801 
 10835370  3087  3510 
 10851939  1839  5901 
 10886400  1800  6048 
 10905250  1205  9050 
 10932754  2954  3701 
 10935436  3041  3596 
 10958157  1857  5901 
 10965595  1955  5609 
 11053714  1514  7301 
 11059164  1164  9501 
 11064280  1802  6140 
 11074657  1457  7601 
 11074905  1401  7905 
 11085304  1304  8501 
 11147836  1316  8471 
 11148520  2180  5114 
 11158735  1511  7385 
 11165728  1568  7121 
 11185762  2186  5117 
 11187360  1371  8160 
 11246800  1814  6200 
 11246890  2690  4181 
 11254945  2495  4511 
 11259000  1251  9000 
 11272356  1563  7212 
 11281648  1841  6128 
 11286193  1823  6191 
 11293744  1424  7931 
 11306857  1307  8651 
 11330865  1365  8301 
 11344860  1341  8460 
 11345229  2121  5349 
 11364138  3141  3618 
 11368026  1863  6102 
 11369533  3191  3563 
 11378169  1311  8679 
 11388762  1386  8217 
 11391250  1250  9113 
 11417805  1407  8115 
 11420923  1241  9203 
 11426800  1400  8162 
 11435985  1359  8415 
 11438266  1862  6143 
 11447428  2411  4748 
 11447860  1460  7841 
 11453481  1341  8541 
 11472628  1874  6122 
 11474788  1481  7748 
 11479230  2793  4110 
 11506770  1770  6501 
 11515383  1353  8511 
 11522250  2250  5121 
 11525490  2511  4590 
 11526844  1844  6251 
 11529216  1251  9216 
 11536875  1875  6153 
 11541816  1416  8151 
 11545218  2118  5451 
 11557323  2151  5373 
 11559960  1956  5910 
 11564280  2118  5460 
 11567205  1521  7605 
 11569900  1961  5900 
 11572596  1596  7251 
 11575435  1535  7541 
 11576268  1518  7626 
 11602926  1206  9621 
 11607250  1601  7250 
 11608272  1872  6201 
 11609950  1919  6050 
 11632896  1683  6912 
 11643088  1436  8108 
 11643282  1842  6321 
 11647800  1800  6471 
 11648952  1218  9564 
 11657835  1785  6531 
 11672590  1790  6521 
 11675668  1751  6668 
 11677140  1740  6711 
 11680767  1701  6867 
 11682468  1818  6426 
 11683512  1851  6312 
 11689744  1496  7814 
 11690532  1932  6051 
 11692228  1268  9221 
 11692800  1218  9600 
 11697835  1895  6173 
 11712757  1517  7721 
 11722657  2267  5171 
 11726820  1722  6810 
 11727625  1625  7217 
 11728615  1721  6815 
 11728786  1718  6827 
 11736652  1532  7661 
 11753874  1518  7743 
 11756250  1650  7125 
 11765596  1796  6551 
 11766892  1619  7268 
 11772540  1521  7740 
 11786350  1850  6371 
 11790166  1706  6911 
 11794684  1481  7964 
 11796160  1910  6176 
 11803482  1341  8802 
 11815650  1815  6510 
 11823997  1289  9173 
 11830315  3101  3815 
 11833645  1415  8363 
 11844054  1401  8454 
 11844832  1424  8318 
 11848000  1481  8000 
 11850394  1394  8501 
 11857500  1581  7500 
 11867467  1787  6641 
 11874550  1457  8150 
 11876602  1682  7061 
 11883613  1883  6311 
 11887524  1452  8187 
 11898535  1385  8591 
 11908215  1215  9801 
 11920468  1268  9401 
 11920657  1907  6251 
 11922484  2891  4124 
 11924703  2973  4011 
 11925540  1254  9510 
 11926134  1914  6231 
 11926728  1221  9768 
 11929918  1298  9191 
 11930170  1301  9170  1310  9107 
 11948310  1341  8910 
 11952292  1292  9251 
 11952360  1953  6120 
 11954619  1941  6159 
 11957512  1592  7511 
 11964582  2118  5649 
 11970256  2096  5711 
 11976178  1718  6971 
 11982348  1428  8391 
 12006000  2001  6000 
 12015396  2031  5916 
 12023550  2310  5205 
 12041964  1941  6204 
 12045982  2951  4082 
 12052048  1502  8024 
 12054060  2004  6015  2406  5010 
 12054820  2501  4820 
 12055950  2190  5505 
 12056850  2061  5850 
 12060027  2001  6027 
 12081960  1980  6102 
 12083575  2381  5075 
 12083706  1803  6702 
 12085650  1506  8025 
 12095568  2196  5508 
 12097147  1247  9701 
 12097350  1305  9270 
 12098646  2961  4086 
 12128935  1235  9821 
 12129754  1274  9521 
 12142597  2921  4157 
 12145693  1943  6251 
 12157600  2171  5600 
 12159720  1251  9720 
 12166942  1262  9641 
 12169480  1982  6140 
 12181500  1500  8121 
 12195760  1256  9710 
 12199752  1272  9591 
 12210588  1521  8028 
 12213585  2385  5121 
 12238776  1683  7272 
 12245395  2291  5345 
 12247686  2871  4266 
 12254620  2261  5420 
 12259345  2231  5495 
 12261582  2181  5622 
 12271545  2145  5721 
 12274515  2715  4521 
 12274600  2600  4721 
 12276400  2612  4700 
 12276544  2144  5726 
 12289644  1494  8226 
 12295480  1490  8252 
 12296740  1970  6242 
 12303837  3237  3801 
 12308436  3402  3618 
 12310938  1338  9201 
 12328960  1280  9632 
 12338046  3246  3801 
 12340368  3408  3621 
 12342555  2355  5241 
 12347680  1832  6740 
 12353800  3251  3800 
 12363840  3240  3816 
 12367260  1623  7620 
 12371904  1371  9024 
 12373690  3290  3761 
 12374712  1713  7224 
 12383059  3251  3809 
 12384000  3000  4128 
 12387735  3285  3771 
 12406770  2601  4770 
 12408385  2885  4301 
 12408430  2801  4430 
 12417588  2148  5781 
 12417993  1317  9429  1347  9219 
 12419775  1275  9741 
 12421066  2021  6146 
 12439129  1349  9221 
 12447184  1424  8741 
 12448800  1482  8400 
 12451927  2957  4211 
 12452080  2480  5021 
 12453012  2301  5412 
 12454200  2442  5100 
 12455118  2418  5151 
 12459640  2510  4964 
 12463960  1346  9260 
 12467052  2652  4701 
 12475606  2651  4706 
 12483576  2856  4371 
 12484057  2801  4457 
 12485115  1515  8241 
 12488760  1842  6780 
 12489471  2781  4491 
 12492864  2829  4416 
 12495280  2120  5894 
 12497800  1400  8927 
 12504960  2496  5010 
 12505000  2501  5000 
 12509640  2106  5940 
 12519846  2511  4986 
 12524008  2408  5201 
 12526290  2022  6195 
 12531834  2313  5418 
 12536320  2360  5312 
 12550018  2501  5018 
 12550050  2505  5010 
 12552813  1521  8253 
 12557290  2279  5510 
 12558100  1550  8102 
 12559095  2109  5955 
 12568270  2210  5687 
 12574845  2745  4581 
 12577617  1671  7527 
 12578449  2741  4589 
 12578764  2174  5786 
 12579214  2117  5942 
 12586392  1356  9282 
 12594712  2792  4511 
 12595000  2519  5000 
 12597930  1359  9270 
 12600297  2001  6297 
 12600324  2031  6204  3102  4062 
 12608743  2681  4703 
 12613990  1310  9629 
 12618850  1850  6821 
 12620790  2010  6279 
 12634560  2460  5136 
 12636040  2060  6134 
 12640095  2091  6045 
 12640860  2601  4860 
 12645360  2316  5460 
 12652024  2024  6251 
 12654513  2451  5163 
 12665475  2715  4665 
 12678250  1625  7802 
 12683385  3285  3861 
 12684924  2961  4284 
 12693420  2910  4362 
 12693928  1832  6929 
 12697740  1749  7260 
 12698334  3261  3894 
 12715762  1751  7262 
 12716586  2166  5871 
 12717396  1371  9276 
 12735895  1535  8297 
 12741700  2711  4700 
 12746515  2465  5171 
 12746650  2765  4610 
 12752640  2214  5760 
 12752860  2270  5618 
 12754075  2705  4715 
 12759250  2219  5750 
 12762000  2127  6000 
 12775945  2795  4571 
 12778155  1755  7281 
 12805240  2204  5810 
 12805384  1523  8408 
 12810735  1821  7035 
 12827650  1826  7025  2075  6182 
 12832524  1542  8322 
 12833590  2381  5390 
 12843000  3000  4281 
 12851586  1551  8286 
 12853840  2480  5183 
 12854488  2888  4451 
 12859150  2150  5981 
 12873294  2982  4317 
 12883486  1883  6842 
 12883540  2813  4580 
 12885147  2487  5181 
 12893760  1320  9768 
 12894547  2897  4451 
 12916750  1925  6710 
 12941037  1401  9237 
 12943548  1542  8394 
 12951400  1400  9251 
 12955000  2591  5000 
 12965035  2309  5615 
 12965175  2175  5961 
 12966480  2610  4968 
 12993525  2193  5925 
 13002462  2031  6402  3201  4062 
 13024480  3248  4010 
 13024557  2457  5301 
 13024872  1803  7224 
 13025650  2153  6050 
 13029565  2159  6035 
 13041180  3180  4101 
 13041909  1401  9309 
 13042849  3041  4289 
 13062460  2060  6341 
 13062780  1860  7023 
 13078260  1620  8073  1863  7020  2070  6318 
 13086540  1635  8004 
 13104954  1401  9354 
 13104994  1394  9401 
 13130685  1635  8031 
 13140292  3212  4091 
 13142038  3101  4238 
 13168575  1575  8361 
 13204125  3201  4125 
 13204750  3107  4250 
 13204930  3293  4010 
 13208670  2070  6381 
 13225518  2538  5211 
 13230369  2193  6033 
 13230945  3231  4095 
 13234864  3461  3824 
 13241250  3210  4125 
 13241974  3197  4142 
 13248540  2481  5340 
 13253764  3524  3761 
 13257760  1763  7520 
 13261500  2100  6315 
 13264150  3110  4265 
 13268772  1836  7227 
 13269258  1539  8622 
 13328406  3081  4326 
 13345074  3051  4374 
 13350897  1533  8709 
 13354420  3140  4253 
 13389345  3495  3831 
 13394160  1431  9360 
 13402885  3281  4085 
 13410270  3270  4101 
 13426897  2819  4763 
 13427500  3275  4100 
 13440429  3021  4449 
 13453600  3350  4016 
 13468972  1382  9746 
 13472725  3227  4175 
 13489960  1364  9890 
 13492917  1479  9123 
 13494793  3419  3947 
 13524160  3251  4160 
 13524570  2547  5310 
 13535248  3512  3854 
 13538245  3521  3845 
 13542880  1532  8840 
 13545000  3000  4515 
 13563760  3656  3710 
 13568215  2315  5861 
 13571869  1571  8639 
 13572648  1572  8634 
 13573980  3591  3780 
 13579240  1457  9320 
 13580379  3501  3879 
 13592007  2301  5907 
 13596871  1517  8963 
 13597623  2139  6357 
 13604350  3350  4061 
 13617850  1850  7361 
 13626571  2663  5117 
 13628875  1625  8387 
 13630783  3683  3701 
 13648824  3186  4284 
 13649827  1829  7463 
 13652482  2183  6254 
 13656820  2165  6308 
 13664043  3063  4461 
 13667584  1856  7364 
 13683978  1386  9873 
 13684320  3120  4386 
 13684482  2814  4863 
 13684671  1617  8463 
 13697320  3692  3710 
 13709245  2915  4703 
 13712913  1923  7131 
 13728519  1821  7539 
 13730710  3701  3710 
 13754790  1470  9357 
 13764397  3461  3977 
 13774797  1779  7743 
 13775688  1758  7836 
 13777816  1781  7736 
 13790295  1905  7239 
 13794480  1470  9384 
 13825647  2367  5841 
 13826164  1661  8324 
 13861426  2186  6341 
 13862655  2685  5163 
 13865872  1886  7352 
 13881780  1881  7380 
 13918621  1691  8231 
 13967820  2190  6378 
 13972504  1547  9032 
 13978575  1593  8775 
 13978705  1973  7085 
 13982400  2913  4800 
 13985257  1859  7523 
 13994275  1439  9725 
 13996372  3692  3791 
 13998735  1893  7395 
 14003500  3500  4001 
 14017945  1445  9701 
 14023948  3428  4091 
 14026950  2190  6405 
 14027328  1704  8232 
 14029438  3182  4409 
 14035126  3101  4526 
 14051979  1479  9501 
 14053014  3501  4014 
 14054395  3095  4541 
 14061370  3011  4670 
 14088672  1704  8268 
 14092780  1742  8090 
 14134450  3410  4145 
 14134500  3141  4500 
 14145799  1451  9749 
 14147995  1445  9791 
 14157265  2741  5165 
 14174370  3171  4470 
 14179333  1931  7343 
 14186790  1671  8490 
 14192982  1422  9981 
 14220661  2201  6461 
 14227564  2612  5447 
 14233180  3380  4211 
 14235403  3521  4043 
 14245632  3456  4122 
 14245798  2417  5894 
 14250915  2415  5901 
 14256081  2601  5481 
 14260279  2201  6479 
 14262250  2225  6410 
 14278990  2981  4790 
 14279832  2931  4872 
 14298295  2921  4895 
 14299029  2901  4929 
 14300271  2031  7041 
 14305086  3501  4086 
 14306427  3207  4461 
 14320737  3027  4731 
 14334718  3431  4178 
 14340690  3090  4641 
 14342017  3401  4217 
 14346072  3042  4716 
 14350275  3525  4071 
 14350360  3560  4031 
 14354158  3458  4151 
 14364720  2130  6744 
 14365260  2631  5460 
 14365935  3165  4539 
 14397718  1814  7937 
 14403235  3401  4235 
 14417923  3419  4217 
 14427009  2049  7041 
 14430496  3104  4649 
 14452879  2471  5849 
 14505835  3551  4085 
 14527300  2741  5300 
 14527975  1925  7547 
 14529528  2451  5928 
 14534500  3545  4100 
 14553270  2034  7155 
 14554975  1955  7445 
 14558940  1548  9405 
 14559700  1940  7505 
 14573916  3171  4596 
 14588280  2481  5880 
 14597968  1496  9758 
 14603323  2303  6341 
 14618695  1691  8645 
 14620720  2042  7160 
 14622525  2241  6525 
 14637550  3506  4175 
 14642208  2421  6048 
 14652000  2400  6105 
 14652495  2691  5445 
 14652900  1620  9045 
 14653728  1752  8364 
 14676228  2268  6471 
 14679432  3417  4296 
 14685129  2841  5169 
 14713650  3150  4671 
 14720368  3128  4706 
 14728648  1748  8426 
 14729004  2091  7044 
 14730664  3614  4076 
 14736640  3176  4640 
 14736780  1767  8340 
 14739340  3740  3941 
 14756350  3170  4655 
 14769634  3179  4646 
 14799555  1545  9579 
 14810845  1841  8045 
 14823463  3461  4283 
 14835717  1737  8541 
 14858712  1752  8481 
 14865412  2414  6158 
 14871645  1761  8445 
 14897520  1980  7524 
 14901439  3011  4949 
 14936400  3600  4149 
 14957860  1580  9467 
 14964304  3044  4916 
 14974596  1959  7644 
 14976913  1637  9149 
 14986732  1724  8693 
 15003000  3000  5001 
 15026008  2501  6008 
 15028335  2835  5301 
 15029896  1652  9098 
 15062346  2301  6546 
 15063264  2316  6504 
 15082600  2600  5801 
 15085620  2508  6015 
 15088324  2804  5381 
 15102670  2510  6017 
 15117214  2114  7151 
 15123960  2931  5160 
 15164919  1659  9141 
 15169576  1571  9656 
 15199780  1910  7958 
 15203650  2513  6050 
 15204672  2016  7542 
 15206080  2501  6080 
 15206715  2715  5601 
 15207660  2010  7566 
 15220471  2051  7421 
 15226897  2891  5267 
 15227100  2100  7251 
 15230965  1655  9203 
 15243390  3321  4590 
 15246000  2541  6000 
 15249780  2940  5187 
 15261696  1656  9216 
 15262870  2627  5810 
 15266272  2261  6752 
 15279453  2571  5943 
 15281856  1851  8256 
 15283462  2861  5342 
 15286077  2601  5877 
 15287062  2681  5702 
 15287233  2873  5321 
 15293250  2913  5250 
 15300540  3054  5010 
 15302659  2351  6509 
 15304302  3042  5031 
 15316938  1638  9351 
 15320277  2037  7521 
 15337287  2877  5331 
 15348762  2613  5874 
 15364728  3258  4716 
 15372630  2730  5631 
 15374236  3236  4751 
 15379875  1953  7875 
 15381810  1851  8310 
 15384330  3510  4383 
 15391246  1613  9542 
 15401628  2508  6141 
 15419380  3110  4958 
 15423430  3410  4523 
 15435000  3000  5145 
 15436296  2391  6456 
 15437160  3756  4110 
 15450228  2802  5514 
 15464722  2741  5642 
 15473340  3540  4371 
 15483897  1749  8853 
 15487380  1857  8340 
 15488973  3189  4857 
 15492928  2984  5192 
 15502662  2562  6051 
 15527700  2700  5751 
 15569982  1629  9558 
 15582280  2828  5510 
 15584260  2810  5546 
 15584310  3045  5118 
 15602400  2400  6501 
 15622240  2510  6224 
 15622713  2151  7263 
 15623460  2460  6351 
 15625984  2816  5549 
 15632478  2451  6378 
 15643575  3765  4155 
 15643926  2631  5946 
 15662362  2351  6662 
 15672762  2157  7266 
 15683980  1685  9308 
 15684273  2871  5463 
 15684840  1854  8460 
 15693426  2646  5931 
 15711696  1716  9156 
 15716916  1611  9756 
 15741396  3756  4191 
 15742350  3042  5175 
 15768270  2781  5670 
 15786495  1647  9585 
 15788416  1841  8576 
 15794860  1670  9458 
 15795000  1755  9000 
 15806272  2012  7856 
 15812680  2588  6110 
 15819300  1953  8100 
 15829146  2589  6114 
 15833844  3588  4413 
 15838650  1830  8655 
 15842344  3581  4424 
 15853900  3050  5198 
 15862032  2832  5601 
 15862063  2801  5663 
 15862450  2810  5645 
 15862635  2385  6651 
 15863040  3060  5184 
 15878200  2015  7880 
 15881580  1851  8580 
 15892195  1955  8129 
 15904350  3150  5049 
 15908350  3089  5150 
 15916275  1671  9525 
 15923596  2951  5396 
 15930432  3951  4032 
 15931201  3011  5291 
 15935278  2978  5351 
 15942388  2981  5348 
 15990768  1758  9096 
 16023546  2541  6306 
 16025625  2625  6105 
 16034485  3485  4601 
 16039944  3996  4014 
 16093728  2016  7983 
 16142620  2642  6110 
 16142656  2516  6416 
 16186977  1671  9687 
 16194829  1649  9821 
 16202236  2612  6203 
 16238848  1832  8864 
 16243380  3813  4260 
 16252600  2600  6251 
 16254760  2510  6476 
 16257136  2576  6311 
 16265088  2688  6051 
 16272000  2712  6000 
 16273755  2577  6315 
 16276320  2136  7620 
 16278570  2871  5670 
 16279371  1767  9213 
 16293960  1692  9630 
 16296898  1682  9689 
 16327080  2310  7068 
 16328754  2418  6753 
 16329942  3291  4962 
 16330752  3072  5316 
 16335450  3513  4650 
 16354219  3611  4529 
 16379500  1700  9635 
 16397212  2132  7691 
 16398144  3984  4116 
 16424550  2550  6441 
 16425364  3524  4661 
 16429531  2591  6341 
 16449538  1946  8453 
 16455334  3551  4634 
 16457350  3617  4550 
 16458390  3510  4689 
 16473555  3615  4557 
 16474360  3461  4760 
 16476628  2471  6668 
 16481092  1802  9146 
 16483792  1976  8342 
 16485322  3521  4682 
 16486245  2481  6645 
 16493535  3513  4695 
 16525840  2510  6584 
 16534804  3014  5486 
 16546621  2561  6461 
 16554825  2415  6855 
 16572024  2751  6024 
 16573414  3674  4511 
 16598344  3416  4859 
 16617172  2717  6116 
 16620390  2601  6390 
 16648920  2694  6180 
 16652322  2622  6351 
 16672216  2726  6116 
 16679520  2970  5616 
 16702492  2102  7946 
 16706326  2366  7061 
 16720578  2751  6078 
 16725280  2210  7568 
 16725465  2517  6645 
 16732728  2271  7368 
 16737520  3176  5270 
 16757280  2160  7758 
 16776720  2160  7767 
 16789540  1748  9605 
 16794580  1940  8657 
 16794855  1965  8547 
 16798144  1784  9416 
 16805628  2058  8166 
 16820005  2801  6005 
 16820320  2012  8360 
 16825338  3183  5286 
 16826080  2060  8168 
 16833460  3860  4361 
 16845723  2451  6873 
 16879500  1860  9075 
 16897482  2478  6819 
 16918308  1818  9306 
 16918650  1965  8610 
 16943188  1916  8843 
 16947328  3968  4271 
 16952638  2531  6698 
 16958704  1784  9506 
 16963713  1761  9633 
 16970395  1703  9965 
 16983270  2169  7830 
 16987500  1875  9060 
 16993872  1932  8796 
 17026240  2240  7601 
 17033233  2333  7301 
 17036424  3624  4701 
 17068288  2186  7808 
 17136297  2391  7167 
 17136490  3710  4619 
 17138295  2193  7815 
 17146984  1961  8744 
 17159800  1751  9800 
 17169750  1761  9750 
 17176990  1769  9710 
 17179123  2171  7913 
 17189464  1814  9476 
 17203743  2433  7071 
 17204359  2309  7451 
 17221765  2771  6215 
 17224600  2426  7100 
 17230360  2360  7301 
 17236980  2193  7860 
 17239270  2213  7790 
 17263381  2813  6137 
 17265262  2762  6251 
 17265276  2751  6276 
 17278960  2168  7970 
 17283420  2310  7482 
 17319465  3615  4791 
 17322538  3221  5378 
 17326485  3621  4785 
 17341290  2439  7110 
 17342635  2735  6341 
 17343697  3977  4361 
 17364235  2741  6335 
 17366998  1793  9686 
 17392500  2319  7500 
 17394498  1947  8934 
 17402350  2450  7103 
 17410536  3471  5016 
 17428000  2000  8714 
 17429580  1827  9540 
 17439970  1790  9743 
 17470390  3710  4709 
 17479300  3719  4700 
 17482000  2000  8741 
 17524354  2351  7454 
 17537625  2751  6375 
 17562384  2751  6384 
 17583930  3390  5187 
 17586279  2517  6987 
 17597943  3579  4917 
 17605350  3105  5670 
 17606232  2316  7602 
 17621500  2711  6500 
 17626225  2621  6725 
 17630262  2301  7662 
 17650215  2715  6501 
 17666424  2466  7164 
 17682480  2460  7188 
 17683992  1896  9327 
 17689225  2819  6275 
 17750380  3071  5780 
 17772475  2477  7175 
 17818218  2178  8181 
 17820648  2781  6408 
 17826822  2262  7881 
 17834593  3437  5189 
 17834692  2318  7694 
 17835948  3588  4971 
 17840128  2048  8711 
 17846950  1850  9647 
 17852040  2040  8751 
 17852098  2078  8591 
 17853255  2355  7581 
 17857260  2718  6570 
 17882914  1817  9842 
 17909950  1979  9050 
 17923437  2313  7749 
 17932500  2391  7500 
 17950225  2525  7109 
 17968243  2147  8369 
 17988642  1827  9846 
 18002250  2250  8001 
 18002997  2001  8997 
 18023733  2301  7833 
 18024435  2145  8403 
 18026752  2102  8576 
 18042880  2048  8810 
 18062100  2100  8601 
 18066726  2061  8766 
 18137470  3770  4811 
 18156249  2811  6459 
 18178524  2418  7518 
 18196024  2981  6104 
 18198675  1881  9675 
 18202270  2201  8270 
 18206500  2801  6500 
 18208750  2081  8750 
 18214623  2163  8421 
 18222079  2201  8279 
 18237843  3783  4821 
 18238450  2150  8483 
 18239760  2310  7896 
 18250776  2568  7107 
 18254160  2160  8451 
 18257926  2918  6257 
 18260550  2805  6510 
 18260685  2685  6801 
 18261936  2196  8316 
 18268920  1860  9822 
 18280750  2075  8810 
 18315625  3125  5861 
 18317520  3120  5871 
 18356440  3140  5846 
 18359865  1863  9855 
 18397440  3840  4791 
 18398520  3129  5880 
 18408712  2114  8708 
 18412600  2141  8600 
 18423792  2328  7914 
 18427248  2172  8484 
 18439996  1964  9389 
 18453595  3155  5849 
 18460548  4086  4518 
 18466992  2994  6168 
 18492669  2649  6981 
 18492804  2091  8844 
 18517351  3581  5171 
 18519880  1880  9851 
 18524749  2441  7589 
 18527314  2171  8534 
 18549720  2598  7140 
 18562720  2120  8756 
 18582120  2181  8520 
 18586525  2165  8585 
 18599139  1989  9351 
 18627615  2715  6861 
 18628344  3864  4821 
 18629208  2028  9186 
 18629644  2684  6941 
 18642195  2145  8691 
 18647023  2741  6803 
 18652536  2856  6531 
 18660262  2801  6662 
 18714280  2117  8840 
 18720153  2151  8703 
 18721305  2307  8115 
 18726057  2751  6807 
 18746721  2781  6741 
 18793260  2391  7860 
 18799762  2798  6719 
 18817249  2141  8789 
 18852295  2129  8855 
 18876726  2178  8667 
 18932580  3210  5898 
 18934362  2193  8634 
 18940383  3801  4983 
 18991282  1922  9881 
 18992763  2199  8637 
 18993316  1931  9836 
 19021090  2090  9101 
 19023543  3201  5943 
 19024650  2010  9465 
 19027750  2075  9170 
 19042740  2010  9474 
 19047280  2408  7910 
 19050250  2105  9050 
 19052352  3201  5952 
 19067728  2078  9176 
 19082700  2100  9087 
 19083240  2013  9480 
 19120500  2100  9105 
 19144822  2141  8942 
 19158930  1953  9810 
 19202850  2085  9210 
 19205550  2010  9555 
 19209190  2090  9191 
 19227964  2429  7916 
 19236280  2369  8120 
 19256580  2958  6510 
 19262587  2927  6581 
 19264531  3641  5291 
 19268500  2165  8900 
 19269837  2199  8763 
 19270620  2127  9060 
 19271700  2100  9177 
 19281564  2151  8964 
 19286064  2166  8904 
 19290438  2031  9498 
 19291909  2099  9191 
 19306584  3849  5016 
 19315768  3716  5198 
 19336284  2316  8349 
 19344276  2436  7941 
 19371352  3731  5192 
 19378480  3971  4880 
 19383210  2310  8391 
 19384596  3996  4851 
 19407276  2709  7164 
 19422900  2100  9249 
 19425478  2441  7958 
 19464237  2613  7449 
 19473228  2397  8124 
 19489833  3993  4881 
 19508350  3890  5015 
 19534954  3494  5591 
 19542820  2105  9284 
 19544085  4059  4815 
 19544341  4391  4451 
 19554277  2591  7547 
 19654330  3491  5630 
 19658200  2165  9080 
 19672258  2582  7619 
 19685232  2832  6951 
 19704694  4106  4799 
 19736257  2753  7169 
 19742935  2495  7913 
 19753461  3471  5691 
 19760494  4199  4706 
 19782553  3857  5129 
 19797250  2750  7199 
 19798020  2178  9090 
 19802520  2010  9852 
 19820610  2010  9861 
 19836324  2364  8391 
 19847025  2475  8019 
 19856272  2516  7892 
 19860246  2901  6846 
 19920654  2106  9459 
 19926504  2094  9516 
 20018502  2502  8001 
 20071867  2867  7001 
 20123896  2162  9308 
 20129683  2261  8903 
 20136784  2864  7031 
 20137594  3947  5102 
 20149690  2090  9641 
 20153875  3875  5201 
 20158060  2501  8060 
 20172802  2801  7202 
 20180569  2501  8069 
 20185420  2510  8042 
 20185942  2051  9842 
 20199663  2901  6963 
 20209464  2244  9006 
 20224840  2402  8420 
 20249590  2045  9902 
 20268378  2886  7023 
 20289937  2279  8903 
 20319565  2105  9653 
 20342920  2204  9230 
 20367360  3072  6630 
 20368570  3002  6785 
 20373624  3372  6042 
 20377498  2897  7034 
 20422980  2490  8202 
 20437668  3084  6627 
 20458435  2543  8045 
 20506248  2562  8004 
 20518204  2501  8204 
 20540911  4091  5021 
 20579350  3905  5270 
 20594700  2940  7005 
 20613870  3027  6810 
 20618325  3021  6825 
 20635398  3906  5283 
 20638750  3002  6875 
 20646738  2646  7803 
 20649325  3425  6029 
 20665840  2564  8060 
 20677185  2685  7701 
 20701957  2957  7001 
 20716965  2601  7965 
 20739100  2300  9017 
 20741935  2903  7145 
 20769453  3429  6057 
 20769853  3029  6857 
 20778835  2387  8705 
 20791660  2966  7010 
 20810601  2601  8001 
 20837376  3072  6783 
 20851740  4020  5187 
 20862400  2600  8024 
 20895736  3092  6758 
 20897536  3608  5792 
 20917840  2984  7010 
 20939571  2103  9957 
 20946438  4302  4869 
 21019986  2106  9981 
 21025939  2321  9059 
 21058420  2501  8420 
 21065044  4004  5261 
 21065296  2216  9506 
 21068100  2601  8100 
 21081951  2151  9801 
 21087396  3102  6798 
 21093390  2130  9903 
 21104550  4050  5211 
 21109374  2301  9174 
 21148798  2141  9878 
 21159270  2211  9570 
 21159387  2151  9837 
 21206542  4061  5222 
 21213940  2321  9140 
 21218575  2825  7511 
 21229740  2940  7221 
 21257154  4122  5157 
 21275046  4071  5226 
 21286800  2628  8100 
 21291790  2990  7121 
 21294729  2949  7221 
 21308260  2630  8102 
 21308994  2394  8901 
 21314560  4163  5120 
 21317395  2915  7313 
 21317998  2138  9971 
 21338316  3132  6813 
 21348571  2831  7541 
 21350466  3546  6021 
 21356275  3275  6521 
 21356370  3270  6531 
 21365572  3251  6572 
 21365820  3282  6510 
 21375000  3000  7125 
 21390660  2361  9060 
 21391564  3611  5924 
 21395290  2231  9590 
 21398868  2388  8961 
 21427983  2943  7281 
 21430575  4275  5013 
 21430656  3456  6201 
 21433896  3492  6138 
 21436780  3140  6827 
 21438670  3410  6287 
 21450546  4251  5046 
 21450600  4206  5100 
 21455280  2520  8514 
 21463182  2613  8214 
 21468096  2496  8601 
 21469360  3410  6296 
 21476830  2810  7643 
 21478365  2637  8145 
 21479004  2901  7404 
 21487680  2880  7461 
 21508600  2501  8600 
 21518167  2651  8117 
 21518640  2640  8151 
 21530448  4041  5328 
 21531640  3524  6110 
 21542400  4224  5100 
 21545500  4100  5255 
 21568050  2505  8610 
 21588408  2451  8808 
 21589380  2598  8310 
 21593740  2954  7310 
 21595387  2519  8573 
 21597210  2271  9510 
 21608590  2510  8609 
 21608860  2681  8060 
 21622837  2627  8231 
 21633979  2939  7361 
 21651480  4110  5268 
 21653464  3464  6251 
 21668328  2616  8283 
 21672850  2675  8102 
 21678052  2852  7601 
 21685180  2651  8180 
 21686548  2561  8468 
 21688384  3488  6218 
 21689437  2849  7613 
 21691737  2967  7311 
 21704359  4079  5321 
 21733690  3239  6710 
 21736615  3215  6761 
 21753000  3000  7251 
 21760398  3201  6798 
 21785400  4200  5187 
 21799692  2196  9927 
 21817939  2981  7319 
 21819334  2318  9413 
 21826548  2514  8682 
 21829356  3522  6198 
 21846352  4136  5282 
 21852495  2595  8421 
 21857080  2510  8708 
 21857733  3723  5871 
 21864006  2601  8406 
 21867813  2673  8181 
 21874387  2477  8831 
 21887014  2801  7814 
 21889642  2462  8891 
 21892585  2285  9581 
 21904330  2330  9401 
 21922384  2312  9482 
 21938220  2382  9210 
 21938917  2387  9191 
 21943192  2312  9491 
 21950694  4299  5106 
 21950757  2907  7551 
 21952840  2405  9128 
 21963924  2364  9291 
 21975075  2901  7575 
 21984210  2241  9810 
 21985470  2451  8970 
 21988435  2495  8813 
 21996850  2699  8150 
 22054900  2450  9002 
 22069894  2429  9086 
 22105876  2756  8021 
 22118764  2726  8114 
 22145904  4092  5412 
 22153945  2321  9545 
 22154899  2249  9851 
 22159413  2421  9153 
 22167832  2726  8132 
 22178065  2765  8021 
 22188564  2514  8826 
 22245664  4226  5264 
 22288896  2688  8292 
 22290147  2421  9207 
 22336524  3522  6342 
 22352400  4200  5322 
 22358826  2523  8862 
 22366498  3269  6842 
 22372168  2723  8216 
 22395613  3221  6953 
 22413510  4221  5310 
 22438975  2825  7943 
 22458640  4286  5240 
 22465768  2564  8762 
 22473526  4262  5273 
 22476550  4265  5270 
 22527895  2729  8255 
 22534137  4227  5331 
 22541674  4127  5462 
 22543240  4220  5342 
 22569480  2649  8520  4260  5298 
 22581468  2562  8814 
 22587840  4278  5280 
 22598194  2294  9851 
 22639432  2426  9332 
 22668520  2660  8522 
 22673196  3276  6921 
 22687600  2600  8726 
 22692798  2862  7929 
 22694350  2450  9263 
 22736880  2760  8238 
 22744800  2700  8424 
 22758934  2453  9278 
 22761810  2610  8721 
 22786560  2760  8256 
 22853866  2663  8582 
 22873608  3228  7086 
 22877140  2717  8420 
 22910490  2490  9201 
 22924368  2382  9624 
 22938970  2930  7829 
 22948177  2471  9287 
 22964274  2427  9462 
 22988812  2828  8129 
 23038146  3813  6042 
 23053590  2553  9030 
 23057424  4407  5232 
 23067760  3260  7076 
 23071149  3249  7101 
 23074488  3084  7482 
 23128839  2823  8193 
 23160735  3735  6201 
 23163975  3321  6975 
 23167300  3263  7100 
 23169370  3719  6230 
 23172039  3201  7239 
 23176440  3246  7140 
 23183797  2381  9737 
 23184945  2481  9345 
 23193864  3321  6984 
 23196258  2526  9183 
 23196825  2361  9825 
 23237190  3210  7239 
 23263488  2634  8832 
 23285790  3282  7095 
 23287176  2673  8712  3267  7128 
 23348776  3737  6248 
 23381316  3813  6132 
 23425240  4322  5420 
 23427432  3243  7224 
 23428678  2834  8267 
 23435892  2538  9234 
 23446912  2432  9641 
 23451246  4326  5421 
 23455026  4263  5502 
 23456146  4142  5663 
 23476162  3761  6242 
 23497510  2570  9143 
 23498874  2478  9483 
 23512990  2531  9290 
 23523700  3350  7022 
 23524141  4421  5321 
 23546875  3425  6875 
 23549485  4295  5483 
 23556978  3579  6582 
 23559466  3554  6629 
 23565978  3582  6579 
 23568750  3750  6285 
 23607360  3360  7026 
 23610964  3926  6014 
 23617930  3791  6230 
 23628186  2826  8361 
 23636452  3623  6524 
 23645538  4233  5586 
 23653750  3725  6350 
 23674428  2742  8634 
 23675400  4200  5637 
 23675800  2753  8600 
 23678968  2696  8783 
 23705896  3098  7652 
 23714275  3275  7241 
 23723973  3237  7329 
 23724688  2732  8684 
 23726592  3252  7296 
 23736240  3240  7326 
 23754361  4217  5633 
 23760940  3947  6020 
 23763474  3747  6342 
 23765395  3755  6329 
 23768316  3762  6318 
 23768397  3789  6273 
 23774058  3027  7854 
 23783616  3768  6312 
 23785564  4268  5573 
 23829376  3728  6392 
 23862145  3821  6245 
 23868315  2865  8331 
 23881270  2870  8321 
 23893168  2936  8138 
 23918805  2985  8013 
 23928745  2435  9827 
 23936278  3782  6329 
 23936566  3593  6662 
 23947650  3942  6075 
 23948316  2436  9831 
 23948784  2448  9783 
 23971684  2468  9713 
 24019555  2555  9401 
 24150649  4601  5249 
 24156405  4641  5205 
 24169459  4241  5699 
 24171520  4721  5120 
 24173640  3240  7461 
 24189750  2481  9750 
 24209680  2684  9020 
 24258690  2682  9045 
 24259900  2450  9902 
 24317500  3425  7100 
 24353784  4248  5733 
 24388897  2873  8489 
 24389320  2930  8324 
 24419560  2540  9614 
 24504880  4820  5084 
 24507112  4712  5201 
 24508350  3054  8025 
 24509376  3264  7509 
 24510600  4005  6120 
 24513790  3290  7451 
 24517287  4281  5727 
 24528708  2802  8754 
 24539170  4790  5123 
 24544800  4200  5844 
 24545475  4425  5547 
 24571480  4280  5741 
 24578680  2870  8564 
 24588544  4448  5528 
 24591460  2615  9404 
 24598750  2750  8945 
 24601806  4086  6021 
 24611080  4028  6110 
 24617520  4716  5220 
 24635191  3941  6251 
 24640528  4202  5864 
 24657358  4286  5753 
 24674832  3228  7644 
 24675840  4284  5760 
 24685956  2586  9546 
 24691329  2649  9321 
 24692800  2684  9200 
 24696832  3968  6224 
 24719625  2625  9417 
 24743628  3822  6474 
 24745518  4254  5817 
 24750198  2907  8514 
 24753190  3410  7259 
 24789636  3684  6729 
 24797088  2784  8907 
 24798154  4142  5987 
 24830806  4082  6083 
 24833466  3843  6462 
 24837696  2976  8346 
 24850980  4890  5082 
 24863980  2930  8486 
 24879154  4187  5942 
 24887160  2841  8760 
 24890166  2961  8406 
 24904656  2604  9564 
 24916815  2961  8415 
 24935850  4230  5895 
 24951910  2510  9941 
 24953688  2958  8436 
 24958791  4719  5289 
 24966238  2963  8426 
 24971530  4793  5210 
 24985750  4250  5879 
 24995551  4529  5519 
 25018420  4802  5210 
 25046892  2946  8502 
 25093845  4305  5829 
 25099645  4205  5969 
 25105000  5000  5021 
 25137130  3530  7121 
 25143795  4395  5721 
 25149388  2948  8531 
 25169287  2627  9581 
 25186630  3815  6602 
 25194370  2705  9314 
 25195932  2532  9951 
 25198740  2940  8571 
 25245936  2643  9552 
 25289473  4829  5237 
 25296480  2640  9582 
 25301727  3501  7227 
 25367440  4670  5432 
 25369780  2573  9860 
 25371346  3542  7163 
 25378074  4782  5307 
 25387636  3863  6572 
 25419496  2564  9914 
 25436880  4326  5880 
 25441983  4281  5943 
 25449678  4479  5682 
 25469644  4694  5426 
 25490101  4901  5201 
 25510000  5000  5102 
 25551436  4553  5612 
 25584174  4851  5274 
 25619940  2694  9510 
 25641000  4200  6105 
 25641400  4100  6254 
 25646544  4626  5544 
 25649208  4908  5226 
 25680312  3012  8526 
 25693978  2573  9986 
 25723174  3422  7517 
 25729812  2781  9252 
 25734514  3554  7241 
 25739140  3254  7910 
 25742934  4347  5922 
 25746880  4880  5276 
 25765740  4620  5577 
 25791120  2712  9510 
 25794328  2954  8732 
 25839616  3968  6512 
 25842096  4962  5208 
 25864398  4893  5286 
 25879500  2700  9585 
 25889400  2850  9084 
 25917160  2711  9560 
 25930795  3599  7205 
 25973428  3254  7982 
 25973865  2655  9783 
 25981348  4388  5921 
 25987635  2637  9855 
 25988080  2885  9008 
 26003488  3248  8006 
 26019873  2871  9063 
 26046472  4022  6476 
 26083314  3021  8634 
 26089713  3027  8619 
 26109864  2664  9801 
 26127544  4247  6152 
 26137408  3014  8672 
 26144955  4245  6159 
 26154184  4184  6251 
 26164336  4136  6326 
 26164719  4179  6261 
 26183376  3126  8376 
 26190450  4290  6105 
 26198073  2673  9801  3267  8019 
 26206384  3266  8024 
 26212410  4221  6210 
 26249728  2672  9824 
 26297824  2672  9842 
 26298918  2862  9189 
 26314164  4161  6324 
 26314245  4215  6243 
 26319897  2637  9981 
 26324190  4239  6210 
 26342590  4322  6095 
 26348791  4187  6293 
 26353750  3635  7250 
 26362498  2846  9263 
 26373600  3600  7326  3663  7200 
 26391870  3810  6927 
 26397184  2816  9374 
 26421430  4241  6230 
 26432640  4236  6240 
 26451373  3653  7241 
 26472168  4218  6276 
 26473635  3645  7263 
 26473711  3641  7271 
 26491311  4191  6321 
 26491765  2741  9665 
 26506147  4061  6527 
 26525704  4652  5702 
 26637336  3636  7326 
 26642560  4256  6260 
 26645760  4626  5760 
 26691385  3269  8165 
 26703400  4307  6200 
 26772624  4272  6267 
 26790912  2907  9216 
 26796384  3984  6726 
 26805240  4620  5802 
 26811310  3110  8621 
 26823280  3260  8228 
 26839800  2886  9300  3900  6882 
 26850384  4623  5808 
 26859375  2865  9375 
 26892324  3942  6822 
 26913348  4389  6132 
 26924008  2804  9602 
 26929179  2799  9621 
 26976838  2786  9683 
 26983696  3896  6926 
 26997750  2769  9750 
 27034560  4032  6705 
 27065736  3756  7206 
 27095530  5027  5390 
 27139986  3918  6927 
 27145750  4721  5750 
 27180904  2801  9704 
 27273717  3777  7221 
 27298075  2807  9725 
 27315868  3581  7628 
 27323536  3632  7523 
 27332640  4320  6327 
 27342648  3684  7422 
 27344808  3882  7044 
 27353650  3623  7550 
 27359370  3753  7290 
 27363744  3726  7344 
 27364864  3686  7424 
 27397750  3779  7250 
 27426240  4272  6420 
 27436468  4364  6287 
 27439366  3662  7493 
 27457816  4178  6572 
 27503298  3522  7809 
 27515133  5121  5373 
 27518935  3515  7829 
 27531868  3518  7826 
 27541480  4820  5714 
 27546808  4826  5708 
 27571824  4827  5712 
 27581692  2852  9671 
 27621891  2871  9621 
 27625455  5247  5265 
 27636624  3624  7626 
 27639040  3926  7040 
 27643198  2846  9713 
 27693864  2874  9636 
 27849519  2859  9741 
 27852448  4784  5822 
 27864936  3624  7689 
 27879390  2970  9387 
 27932800  3200  8729 
 27936040  4037  6920 
 27938560  3680  7592 
 27947178  2877  9714 
 27966154  4526  6179 
 27966834  3849  7266 
 27966942  2967  9426 
 27967585  2867  9755 
 27968832  2832  9876 
 27985360  3692  7580 
 27985986  2898  9657 
 27993645  2967  9435 
 27998275  2879  9725 
 28067634  4203  6678 
 28095975  2895  9705 
 28137856  3281  8576 
 28153660  3251  8660 
 28173600  3612  7800 
 28177380  3210  8778 
 28189768  2888  9761 
 28237360  3272  8630 
 28238544  4842  5832 
 28305319  3521  8039 
 28310296  3122  9068 
 28318725  3225  8781 
 28319800  3182  8900 
 28321830  3210  8823 
 28324750  3425  8270 
 28328476  3278  8642 
 28346724  3426  8274 
 28364800  3200  8864 
 28414476  4428  6417 
 28431450  3450  8241 
 28434960  4380  6492 
 28439928  2892  9834 
 28475460  4245  6708 
 28493550  3450  8259 
 28507450  4058  7025 
 28513696  3296  8651 
 28599174  2874  9951 
 28634584  4583  6248 
 28654155  4581  6255 
 28659334  4598  6233 
 28661490  4290  6681 
 28679904  2904  9876 
 28683760  3668  7820 
 28697746  4298  6677 
 28713870  3270  8781 
 28731640  4280  6713 
 28734750  3870  7425 
 28735600  3800  7562 
 28745950  4850  5927 
 28747836  3477  8268 
 28776384  3276  8784 
 28783975  3275  8789 
 28814368  3488  8261 
 28843456  3254  8864 
 28885135  3251  8885 
 28894135  3485  8291 
 28940076  4098  7062 
 28949350  2945  9830 
 28959120  2952  9810 
 28967400  4200  6897 
 28973718  3981  7278 
 28993432  3224  8993 
 28999314  2931  9894 
 29031957  3027  9591 
 29057350  3050  9527 
 29067948  2964  9807 
 29108970  2970  9801 
 29123568  3156  9228 
 29130750  3210  9075 
 29146972  4292  6791 
 29156994  4926  5919 
 29158960  2960  9851 
 29159964  4929  5916 
 29163744  3144  9276 
 29237017  3221  9077 
 29324988  2982  9834 
 29336224  4232  6932 
 29341858  3419  8582 
 29354206  4253  6902 
 29354368  3392  8654 
 29357118  3171  9258 
 29363710  3170  9263 
 29371648  3176  9248 
 29375370  3702  7935 
 29392960  2963  9920 
 29407455  4059  7245 
 29417620  4220  6971 
 29438640  4248  6930 
 29438955  3549  8295 
 29447860  4274  6890 
 29453125  3125  9425 
 29463826  4682  6293 
 29468650  4685  6290 
 29485975  4925  5987 
 29486875  4289  6875 
 29487766  4697  6278 
 29493805  3245  9089 
 29517034  3254  9071 
 29561454  4251  6954 
 29670480  4872  6090 
 29678530  3590  8267 
 29697030  3267  9090 
 29726032  3206  9272 
 29739208  3272  9089 
 29739550  3950  7529 
 29743380  3327  8940 
 29746300  4700  6329 
 29747538  3594  8277 
 29764705  4097  7265 
 29831085  3285  9081 
 29847465  4749  6285 
 29864718  4278  6981 
 29910384  3024  9891 
 29943675  4293  6975 
 30118738  3701  8138 
 30178264  3761  8024 
 30178647  3741  8067 
 30183790  3731  8090 
 30185622  3501  8622 
 30185946  3591  8406 
 30187930  3071  9830 
 30188362  3602  8381 
 30189721  3821  7901 
 30341596  3356  9041 
 30356050  5030  6035 
 30362395  3365  9023 
 30368916  3306  9186 
 30369559  5093  5963 
 30381660  3660  8301 
 30413718  4338  7011 
 30518590  3590  8501 
 30718300  3701  8300 
 30792384  3273  9408 
 30814465  4805  6413 
 30815802  3501  8802 
 30823947  4389  7023 
 30841965  3465  8901 
 30848364  3834  8046 
 30856950  3609  8550 
 30857940  4098  7530 
 30889476  3468  8907 
 30895425  3285  9405 
 30901486  3401  9086 
 30921660  3201  9660 
 30941950  3419  9050 
 30971920  3920  7901 
 30976213  3203  9671 
 31027414  4301  7214 
 31058554  5354  5801 
 31058559  5301  5859 
 31066812  3612  8601 
 31209750  3201  9750 
 31239720  3210  9732 
 31249872  3792  8241 
 31253746  4133  7562 
 31267885  3785  8261 
 31268848  3848  8126 
 31326876  3612  8673 
 31345695  4533  6915 
 31374850  3713  8450 
 31412920  3410  9212 
 31425736  4331  7256 
 31427190  4311  7290 
 31429660  3260  9641 
 31452160  5120  6143 
 31474170  4410  7137 
 31474300  4433  7100 
 31477270  4271  7370 
 31489366  4931  6386 
 31496440  3446  9140 
 31499725  3425  9197 
 31509000  3501  9000 
 31549000  3500  9014 
 31569286  3521  8966 
 31594860  3546  8910 
 31599850  3515  8990 
 31608675  3675  8601 
 31646794  4139  7646 
 31659520  5312  5960 
 31659732  3327  9516 
 31676832  3636  8712 
 31686084  3684  8601 
 31694350  3350  9461 
 31694935  3365  9419 
 31699228  3212  9869 
 31716472  4712  6731 
 31742518  4211  7538 
 31749340  3374  9410 
 31750879  3701  8579 
 31752382  3722  8531 
 31764748  3644  8717 
 31774270  4370  7271 
 31775292  3252  9771 
 31785606  3651  8706 
 31794624  3264  9741 
 31806814  3614  8801 
 31828081  3881  8201 
 31859572  3551  8972 
 31868320  3812  8360 
 31874193  3471  9183 
 31880646  3606  8841 
 31886023  3623  8801 
 31892575  3575  8921 
 31898853  3591  8883 
 31923468  3426  9318 
 31924264  3461  9224 
 31924480  3920  8144 
 31934650  3410  9365 
 31941805  3941  8105 
 31947916  3476  9191 
 31948344  3384  9441 
 31950126  3501  9126 
 31965804  4908  6513 
 31967275  3275  9761 
 31967424  4416  7239 
 31980627  3261  9807 
 31995810  3591  8910 
 32019480  3480  9201 
 32019867  3267  9801 
 32149480  3410  9428 
 32165419  5231  6149 
 32184283  3821  8423 
 32196528  3528  9126 
 32199435  3495  9213 
 32214672  4221  7632 
 32255496  4923  6552 
 32280484  3842  8402 
 32294880  3282  9840 
 32329440  3432  9420 
 32399680  3296  9830 
 32426892  3942  8226 
 32479816  4712  6893 
 32499918  3498  9291 
 32533816  5138  6332 
 32537875  3725  8735 
 32549328  3954  8232 
 32557860  5682  5730 
 32569150  5129  6350 
 32584914  3954  8241 
 32594688  3948  8256 
 32596438  3953  8246 
 32610915  3615  9021 
 32631984  3924  8316 
 32649876  4683  6972 
 32679360  3360  9726 
 32682496  4928  6632 
 32683495  3965  8243 
 32692104  3624  9021 
 32740488  3702  8844 
 32756472  4326  7572 
 32775840  4320  7587 
 32784466  4862  6743 
 32841900  3900  8421 
 32847786  4773  6882 
 32851984  3824  8591 
 32867874  4278  7683 
 32869494  3486  9429 
 32886400  3824  8600 
 32887395  3327  9885 
 32898474  3897  8442 
 32923584  3942  8352 
 32925384  3342  9852 
 32931868  3812  8639 
 32933488  3332  9884 
 32935617  5379  6123 
 32945656  4952  6653 
 32946714  3417  9642 
 32998180  3980  8291 
 33042856  5432  6083 
 33059650  3653  9050 
 33129882  3981  8322 
 33132960  3633  9120 
 33159294  3591  9234 
 33159685  5195  6383 
 33179368  3713  8936 
 33187495  3371  9845 
 33225246  5322  6243 
 33236154  5334  6231 
 33361839  3633  9183 
 33394680  3960  8433 
 33416955  5193  6435 
 33417940  3431  9740 
 33475680  4536  7380 
 33486390  4830  6933 
 33518299  3929  8531 
 33619500  3615  9300 
 33649897  3473  9689 
 33652224  5232  6432 
 33656472  5373  6264 
 33657745  4565  7373 
 33657894  4398  7653 
 33669108  3618  9306 
 33674971  3467  9713 
 33691239  3693  9123 
 33715264  5312  6347 
 33744568  4538  7436 
 33760845  4035  8367 
 33774925  3473  9725 
 33786580  3860  8753 
 33896250  3930  8625 
 33905650  3530  9605 
 33918394  3413  9938 
 33940260  3603  9420 
 33956325  3525  9633 
 33961158  3531  9618 
 33976345  3635  9347 
 33983608  3803  8936 
 34016517  5301  6417 
 34064784  4836  7044 
 34075665  5637  6045 
 34079170  4310  7907 
 34084575  4845  7035 
 34084768  4064  8387 
 34086937  4073  8369 
 34096428  4062  8394 
 34117920  3741  9120 
 34117960  4310  7916 
 34128400  4100  8324 
 34142188  4148  8231 
 34161930  3630  9411 
 34165786  5147  6638 
 34177450  4430  7715 
 34177648  4418  7736 
 34192764  4314  7926 
 34196170  3611  9470 
 34284766  4463  7682 
 34296714  3642  9417 
 34317918  4338  7911 
 34437964  4334  7946 
 34512660  5460  6321 
 34514662  5342  6461 
 34536226  5462  6323 
 34547679  3657  9447 
 34562740  5342  6470 
 34569130  5393  6410 
 34583760  5337  6480 
 34588125  4125  8385 
 34596427  4523  7649 
 34605688  5486  6308 
 34615642  5441  6362 
 34619805  3681  9405 
 34635375  5433  6375 
 34646535  5445  6363 
 34651575  5145  6735 
 34665696  3666  9456 
 34672500  4623  7500 
 34681504  5408  6413 
 34687912  4382  7916 
 34691755  4361  7955 
 34695760  3560  9746 
 34696318  3686  9413 
 34734739  4373  7943 
 34751740  4754  7310 
 34754800  4304  8075 
 34764970  4679  7430 
 34765618  4538  7661 
 34767040  4760  7304 
 34774317  4737  7341 
 34780095  4305  8079 
 34789180  3980  8741 
 34791300  3741  9300 
 34812414  4134  8421 
 34853400  4335  8040 
 34855695  5865  5943 
 34856640  5460  6384 
 34865397  5373  6489 
 34867710  4863  7170 
 34945740  4404  7935 
 34945960  3644  9590 
 34950478  4094  8537 
 34966557  4569  7653 
 34974850  4430  7895 
 34978680  4380  7986 
 35018973  3573  9801 
 35066115  5301  6615 
 35068576  5507  6368 
 35096670  5763  6090 
 35149869  3681  9549 
 35156394  5334  6591 
 35164480  4160  8453 
 35169390  3690  9531 
 35186359  5381  6539 
 35198140  3851  9140 
 35247739  4523  7793 
 35289315  3813  9255 
 35296600  5693  6200 
 35389750  3785  9350 
 35408875  4385  8075 
 35440897  4049  8753 
 35458470  4854  7305 
 35497539  5943  5973 
 35539465  5435  6539 
 35542678  4526  7853 
 35602186  5231  6806 
 35608936  3806  9356 
 35609476  3746  9506 
 35664912  5142  6936 
 35678416  5648  6317 
 35697442  5294  6743 
 35719560  3756  9510 
 35779450  4739  7550 
 35794129  4931  7259 
 35801662  5681  6302 
 35841897  4173  8589 
 35842950  4290  8355 
 35847265  5237  6845 
 35891320  3851  9320 
 35899600  3608  9950 
 35909775  3957  9075 
 36088492  3806  9482 
 36089550  5985  6030 
 36105174  5061  7134 
 36128745  4623  7815 
 36138960  3861  9360 
 36159129  5211  6939 
 36169920  3966  9120 
 36175405  5705  6341 
 36177453  5343  6771 
 36181530  5313  6810 
 36195174  5391  6714 
 36198414  4194  8631 
 36205785  5805  6237 
 36252198  5238  6921 
 36275004  5034  7206 
 36275296  5792  6263 
 36294768  4926  7368 
 36312844  4364  8321 
 36345820  5834  6230 
 36357250  5750  6323 
 36374184  4374  8316 
 36392557  5723  6359 
 36420448  4304  8462 
 36457614  5634  6471 
 36457960  5390  6764 
 36459117  5937  6141 
 36478336  4376  8336 
 36484150  4310  8465 
 36486472  4664  7823 
 36515830  5330  6851 
 36529438  5339  6842 
 36537480  4833  7560 
 36554665  5663  6455 
 36582750  5325  6870 
 36587340  5430  6738 
 36591178  5798  6311 
 36781420  4820  7631 
 36786442  4466  8237 
 36788431  4163  8837 
 36791595  5997  6135 
 36798493  4397  8369 
 36799240  3974  9260 
 36801544  5801  6344 
 36820840  4280  8603 
 36835740  5433  6780 
 36852997  5273  6989 
 36855400  5804  6350 
 36878400  4800  7683 
 36887040  4803  7680 
 36891927  3981  9267 
 36894550  5390  6845 
 36895513  3863  9551 
 36939123  3963  9321 
 36948870  4683  7890 
 36951516  5316  6951 
 36953784  3876  9534 
 36994320  3960  9342 
 37016154  5061  7314 
 37021657  5261  7037 
 37045435  5045  7343 
 37056492  5973  6204 
 37066410  6030  6147 
 37104520  5204  7130 
 37106752  5072  7316 
 37125499  4931  7529 
 37155915  5193  7155 
 37158930  3810  9753 
 37165518  5538  6711 
 37199749  3917  9497 
 37225048  5084  7322 
 37274980  3827  9740 
 37405768  4856  7703 
 37468948  3884  9647 
 37476801  4677  8013 
 37483996  3839  9764 
 37484572  4853  7724 
 37510510  5351  7010 
 37515600  5100  7356 
 37545160  5315  7064 
 37561500  5100  7365 
 37574131  5117  7343 
 37589611  3851  9761 
 37598017  5087  7391 
 37636488  4338  8676 
 37659748  3857  9764 
 37675008  5376  7008 
 37679413  4733  7961 
 37693291  3917  9623 
 37699200  3927  9600 
 37765120  5120  7376 
 37784799  3987  9477 
 37792089  3807  9927 
 37798425  4893  7725 
 37801489  4301  8789 
 37801525  5381  7025 
 37805985  3855  9807 
 37816384  4313  8768 
 37840140  4710  8034 
 37840198  4301  8798 
 37840950  4305  8790 
 37843542  4323  8754 
 37883664  4368  8673 
 37965312  5136  7392 
 38027740  4370  8702 
 38093224  4082  9332 
 38095024  4208  9053 
 38142819  4329  8811 
 38164450  4430  8615 
 38175340  5138  7430 
 38182945  4283  8915 
 38194240  4130  9248 
 38196945  4395  8691 
 38388240  4323  8880 
 38392114  4118  9323 
 38416752  5214  7368 
 38447068  4367  8804 
 38486371  4367  8813 
 38489517  4587  8391 
 38492500  4325  8900 
 38526840  4653  8280 
 38566710  5817  6630 
 38629458  4359  8862 
 38642958  4362  8859 
 38675439  4863  7953 
 38684142  4482  8631 
 38697592  3956  9782 
 38697984  3876  9984 
 38735284  5243  7388 
 38774943  4437  8739 
 38779497  4989  7773 
 38847055  5483  7085 
 38894278  4379  8882 
 38945610  4185  9306 
 38948170  4391  8870 
 38954560  4085  9536 
 38978374  4973  7838 
 38985664  5693  6848 
 39001468  4301  9068 
 39040177  4301  9077 
 39057840  4080  9573 
 39064855  4085  9563 
 39084700  4709  8300 
 39127954  5294  7391 
 39167892  3972  9861 
 39184983  3981  9843 
 39201475  4031  9725 
 39204126  4206  9321 
 39251871  5391  7281 
 39254400  4350  9024 
 39267256  5672  6923 
 39288240  4230  9288 
 39324600  4200  9363 
 39327511  5321  7391 
 39401635  4361  9035 
 39413542  4214  9353 
 39418546  4619  8534 
 39445690  4094  9635 
 39449407  4049  9743 
 39463272  4227  9336 
 39470130  4371  9030 
 39491707  4031  9797 
 39503475  4353  9075 
 39528247  5423  7289 
 39544119  4149  9531 
 39547228  4529  8732 
 39567285  5823  6795 
 39596040  4356  9090 
 39620574  5406  7329 
 39623544  4236  9354 
 39624408  4362  9084 
 39644212  4346  9122 
 39654850  4595  8630 
 39674520  5730  6924 
 39681040  4130  9608 
 39724825  4283  9275 
 39725640  5490  7236 
 39742411  4241  9371 
 39748500  4380  9075 
 39784000  4973  8000 
 39825400  4280  9305 
 39854290  4382  9095 
 39859470  4530  8799 
 39875143  4751  8393 
 39904812  4932  8091 
 40126671  6201  6471 
 40158724  4724  8501 
 40166275  6275  6401 
 40197753  5043  7971 
 40275648  4704  8562 
 40359375  4305  9375 
 40361980  4106  9830 
 40489920  4080  9924 
 40493200  4400  9203 
 40494168  4446  9108 
 40495198  4451  9098 
 40495950  4455  9090 
 40536936  4356  9306 
 40549968  4458  9096 
 40556776  5756  7046 
 40687155  4701  8655 
 40749268  4967  8204 
 40751977  5747  7091 
 40774369  4307  9467 
 40839840  4308  9480 
 40850397  5079  8043 
 40885312  5024  8138 
 40941355  4355  9401 
 40945905  4545  9009 
 41034924  4401  9324 
 41039460  4410  9306 
 41075550  5550  7401 
 41086930  4601  8930 
 41095530  4551  9030 
 41178550  5075  8114 
 41255748  5514  7482 
 41259190  4529  9110 
 41259460  4460  9251 
 41279269  4229  9761 
 41286096  4206  9816 
 41294088  4488  9201 
 41299951  4529  9119 
 41309842  4214  9803 
 41346760  6140  6734 
 41357970  5790  7143 
 41368392  4632  8931 
 41379867  4791  8637 
 41386950  4950  8361 
 41397741  4371  9471 
 41425978  4478  9251 
 41449009  4409  9401 
 41507986  5891  7046 
 41536476  5436  7641 
 41539680  4368  9510 
 41543892  4524  9183 
 41557500  5541  7500 
 41559367  5459  7613 
 41570622  5601  7422 
 41592496  4496  9251 
 41606500  6401  6500 
 41674396  6134  6794 
 41675031  5631  7401 
 41681052  5142  8106 
 41695744  4544  9176 
 41738368  4736  8813 
 41747580  5847  7140 
 41765562  5451  7662 
 41775952  5591  7472 
 41777257  5741  7277 
 41778922  4271  9782 
 41785920  5280  7914 
 41797665  6195  6747 
 41842593  4251  9843 
 41875987  4871  8597 
 41897007  4707  8901 
 41915385  4911  8535 
 41925186  4926  8511 
 41925532  4532  9251 
 41925856  4256  9851 
 41928700  4700  8921 
 41956915  4565  9191 
 41979208  4712  8909 
 41984568  4968  8451 
 41995341  4491  9351 
 42011856  5241  8016 
 42036939  4623  9093 
 42145393  4421  9533 
 42188571  4821  8751 
 42253618  5126  8243 
 42386967  6249  6783 
 42517782  5871  7242 
 42537172  5732  7421 
 42552904  4502  9452 
 42573397  5723  7439 
 42590628  5262  8094 
 42591604  4604  9251 
 42595780  5420  7859 
 42613258  5246  8123 
 42619032  4632  9201 
 42619063  4601  9263 
 42619450  4610  9245 
 42632860  6242  6830 
 42639286  4922  8663 
 42674931  4617  9243 
 42756880  5426  7880 
 42789456  5469  7824 
 42853500  5340  8025 
 42864975  4425  9687 
 42901857  5091  8427 
 42938464  4643  9248 
 42941173  4421  9713 
 42966288  4626  9288 
 42974352  5424  7923 
 42981840  4824  8910 
 43037568  5337  8064 
 43079850  4950  8703 
 43096117  6119  7043 
 43147795  4415  9773 
 43150689  5361  8049 
 43185730  5810  7433 
 43197394  4331  9974 
 43237579  5423  7973 
 43271851  5831  7421 
 43276680  6327  6840 
 43287939  4923  8793 
 43393279  4373  9923 
 43461972  4764  9123 
 43471993  4373  9941 
 43498219  4421  9839 
 43651840  5360  8144 
 43687512  5346  8172 
 43695981  5349  8169 
 43718580  5340  8187 
 43726896  6438  6792 
 43862260  6422  6830 
 43918785  4971  8835 
 43924846  4463  9842 
 43928586  4962  8853 
 43956450  4650  9453 
 43958200  5300  8294 
 43959820  4835  9092 
 43973050  4703  9350 
 44251758  5427  8154 
 44269960  4460  9926 
 44297500  4700  9425 
 44351793  4743  9351 
 44528935  4523  9845 
 44539285  5243  8495 
 44577598  5954  7487 
 44676000  6000  7446 
 44679240  4740  9426 
 44699166  6414  6969 
 44751600  6015  7440 
 44856792  4542  9876 
 44909680  4946  9080 
 44958960  4569  9840 
 44985825  4845  9285 
 44995500  4545  9900 
 44996926  6494  6929 
 45065475  6045  7455 
 45068800  5600  8048 
 45091746  4746  9501 
 45147933  4731  9543 
 45185872  5528  8174 
 45186984  4581  9864 
 45188298  4881  9258 
 45193383  4833  9351 
 45271966  5921  7646 
 45273226  6242  7253 
 45273865  5237  8645 
 45276250  6245  7250 
 45319950  4953  9150 
 45336280  5423  8360 
 45360720  6024  7530 
 45373126  6353  7142 
 45377284  5372  8447 
 45391585  5459  8315 
 45399172  4571  9932 
 45467019  6441  7059 
 45476064  6456  7044 
 45583317  5337  8541 
 45606528  5664  8052 
 45648972  4782  9546 
 45673420  6305  7244 
 45690795  4755  9609 
 45691789  4769  9581 
 45731650  6155  7430 
 45813586  5486  8351 
 45815625  5625  8145 
 45819180  4818  9510 
 45824350  5423  8450 
 45841950  4851  9450 
 45847296  4752  9648 
 45863172  6354  7218 
 45891220  4820  9521 
 45896305  5309  8645 
 45917028  5802  7914 
 45921964  4964  9251 
 45928750  5249  8750 
 45962824  4826  9524 
 46017670  6047  7610 
 46019520  5046  9120 
 46071225  6225  7401 
 46079968  4796  9608 
 46127250  6225  7410 
 46267200  6426  7200 
 46271052  6252  7401 
 46327918  6398  7241 
 46364998  4643  9986 
 46382791  4823  9617 
 46418589  5481  8469 
 46432764  6246  7434 
 46483920  4830  9624 
 46487196  6489  7164 
 46508800  5408  8600 
 46598400  4854  9600 
 46598800  4850  9608 
 46598890  4805  9698 
 46658128  5648  8261 
 46687288  6782  6884 
 46727325  6423  7275 
 46729458  4854  9627 
 46733170  6341  7370 
 46741288  6248  7481 
 46786432  6464  7238 
 46847920  4760  9842  6290  7448 
 46853500  5645  8300 
 46897452  6258  7494 
 46948720  6449  7280 
 46972750  6479  7250 
 46974213  6441  7293 
 47025328  5732  8204 
 47038756  6308  7457 
 47078950  4850  9707 
 47099533  5039  9347 
 47158240  5744  8210 
 47192706  6714  7029 
 47197206  6729  7014 
 47199532  4931  9572 
 47264080  6044  7820 
 47297668  6782  6974 
 47312685  6321  7485 
 47317630  6473  7310 
 47318152  5432  8711 
 47318620  6410  7382 
 47355880  5357  8840 
 47407360  6734  7040 
 47461050  6405  7410 
 47485350  5430  8745 
 47508619  6059  7841 
 47515248  5454  8712 
 47516728  6584  7217 
 47534850  5445  8730 
 47566129  6569  7241 
 47569882  4826  9857 
 47589300  5700  8349 
 47589768  4878  9756 
 47712366  6162  7743 
 47756700  6774  7050 
 47766712  6146  7772 
 47794176  6144  7779 
 47795265  6597  7245 
 47843518  5414  8837 
 47849152  5174  9248 
 47851848  5847  8184 
 47859862  5678  8429 
 47879365  6395  7487 
 47881930  4871  9830 
 47899665  6897  6945 
 47964037  6479  7403 
 47995528  5459  8792 
 48085326  5463  8802 
 48095280  5982  8040 
 48151278  5718  8421 
 48176145  6141  7845 
 48199536  4851  9936 
 48215893  5423  8891 
 48281575  5471  8825 
 48350592  5358  9024 
 48357850  5450  8873 
 48512398  5438  8921 
 48513780  5817  8340 
 48514950  5445  8910 
 48549280  5492  8840 
 48567334  6443  7538 
 48571290  5721  8490 
 48590950  5405  8990 
 48595140  5454  8910 
 48615988  5468  8891 
 48633957  5763  8439 
 48645972  6549  7428 
 48670960  6890  7064 
 48725698  5894  8267 
 48761158  6518  7481 
 48819672  6849  7128 
 48853597  5759  8483 
 48914590  5441  8990 
 48985375  5849  8375 
 48986005  6089  8045 
 49017600  6900  7104 
 49027680  6984  7020 
 49037157  5031  9747 
 49047916  6914  7094 
 49051264  5216  9404 
 49115880  5181  9480 
 49132525  5213  9425 
 49155678  6591  7458 
 49191853  5183  9491 
 49195894  4994  9851 
 49197987  4971  9897 
 49198752  5472  8991 
 49248580  5849  8420 
 49267728  6297  7824 
 49289760  6240  7899 
 49293756  6492  7593 
 49337617  6719  7343 
 49380615  6135  8049 
 49495050  5445  9090 
 49500688  5048  9806 
 49532800  5384  9200 
 49595035  5453  9095 
 49605952  5456  9092 
 49651150  5150  9641 
 49659232  5342  9296 
 49685040  5484  9060 
 49698054  5046  9849 
 49711662  6942  7161 
 49772650  6245  7970 
 49786555  5759  8645 
 49786560  5664  8790 
 49805280  5040  9882 
 49867236  6483  7692 
 49895050  5045  9890 
 50186835  5835  8601 
 50273860  6005  8372 
 50488996  5804  8699 
 50581795  5507  9185 
 50683176  6051  8376 
 50728648  5762  8804 
 50738688  5808  8736 
 50789106  5706  8901 
 50868400  6050  8408 
 50896125  5901  8625 
 50937867  6789  7503 
 51064389  6051  8439 
 51068709  6801  7509 
 51069730  5630  9071 
 51089260  5210  9806 
 51089269  5621  9089 
 51094435  5435  9401 
 51096339  5301  9639 
 51160995  5619  9105 
 51187693  5711  8963 
 51208605  6021  8505 
 51259635  5535  9261 
 51261808  6011  8528 
 51261970  5627  9110 
 51287665  6521  7865 
 51291625  5621  9125 
 51296814  6291  8154 
 51297372  5271  9732 
 51297750  5250  9771 
 51341962  5342  9611 
 51480625  6125  8405 
 51492753  5571  9243 
 51492825  5241  9825 
 51504921  5421  9501 
 51529950  5595  9210 
 51590430  5430  9501 
 51590700  5700  9051 
 51594502  5402  9551 
 51619275  6525  7911 
 51667875  6561  7875 
 51671920  5672  9110 
 51680799  6801  7599 
 51688390  6305  8198 
 51749280  5940  8712 
 51755935  5555  9317 
 51759000  5751  9000 
 51760962  6501  7962 
 51772140  7140  7251 
 51776680  6680  7751 
 51794680  6548  7910 
 51826306  6206  8351 
 51868975  5975  8681 
 51875928  5928  8751 
 51877980  5910  8778 
 51882930  5823  8910 
 51894364  5381  9644 
 51899526  5586  9291 
 51907392  5301  9792 
 51930886  5831  8906 
 51936880  5816  8930 
 51940525  5525  9401 
 51965914  5654  9191 
 51974500  5471  9500 
 51975634  6551  7934 
 51976120  6920  7511 
 52039746  5742  9063 
 52117375  7115  7325 
 52168000  6521  8000 
 52173994  5231  9974 
 52306875  6375  8205 
 52323979  5273  9923 
 52357396  6932  7553 
 52364875  6275  8345 
 52447896  5448  9627 
 52509874  5582  9407 
 52510648  6554  8012 
 52579840  5405  9728 
 52679200  5726  9200 
 52684996  5684  9269 
 52690680  6090  8652 
 52719975  5775  9129 
 52759840  5705  9248 
 52769574  5577  9462 
 52779325  7235  7295 
 52794468  5484  9627 
 52807950  5850  9027 
 52816050  6210  8505 
 52863313  6353  8321 
 52908165  5865  9021 
 52915720  5720  9251 
 52970157  5757  9201 
 53037900  5703  9300 
 53129700  5700  9321 
 53159989  5939  8951 
 53195989  5951  8939 
 53199468  5691  9348 
 53297608  5726  9308 
 53369280  6390  8352 
 53387491  5843  9137 
 53468761  6563  8147 
 53596800  5583  9600 
 53644864  6344  8456 
 53663148  6453  8316 
 53678794  6758  7943 
 53681080  6308  8510 
 53687920  5720  9386 
 53716923  5763  9321 
 53769298  5786  9293 
 53787694  5678  9473 
 53826106  6602  8153 
 53841676  6356  8471 
 53860671  6603  8157 
 53907840  5730  9408 
 53919472  5741  9392 
 53955715  5555  9713 
 54019975  5975  9041 
 54093280  5804  9320 
 54229680  6540  8292 
 54276880  6587  8240 
 54297864  5724  9486 
 54339862  6323  8594 
 54369715  5765  9431 
 54369792  5472  9936 
 54419328  5844  9312 
 54479835  5745  9483 
 54653980  5543  9860 
 54667318  6317  8654 
 54674248  6452  8474 
 54699916  5969  9164 
 54794632  5624  9743 
 54798975  5775  9489 
 54826632  6426  8532 
 54861372  6753  8124 
 54901840  5840  9401 
 54913185  5835  9411 
 54918067  5801  9467 
 54976500  5700  9645 
 55199380  5531  9980 
 55294708  5804  9527 
 55294798  5954  9287 
 55345968  5853  9456 
 55391908  5951  9308 
 55398645  5853  9465 
 55598400  5850  9504 
 55612480  6512  8540 
 55681065  6501  8565 
 55689790  5798  9605 
 55816740  6510  8574 
 55896817  5657  9881 
 55941696  5916  9456 
 55964128  6512  8594 
 55974370  7055  7934 
 56129076  6051  9276 
 56145798  5814  9657 
 56168280  6510  8628 
 56190420  6105  9204 
 56195590  5906  9515 
 56295000  6255  9000 
 56296638  5826  9663 
 56384950  5843  9650 
 56463718  6614  8537 
 56544930  6045  9354 
 56568960  5856  9660 
 56588917  6587  8591 
 56598750  5850  9675 
 56608159  6659  8501 
 56716897  5861  9677 
 56793438  6357  8934 
 56795904  5976  9504 
 56801862  6681  8502 
 56808976  6608  8597 
 56812770  6510  8727 
 56857860  6558  8670 
 56871360  6510  8736 
 56879680  5876  9680 
 56892775  5825  9767 
 56893738  5786  9833 
 56902378  6539  8702 
 56912152  6152  9251 
 56955964  5954  9566 
 56972668  6572  8669 
 56978280  5826  9780 
 57061840  6710  8504 
 57160800  7005  8160 
 57161929  6179  9251 
 57182620  6710  8522 
 57196980  5910  9678 
 57201408  7104  8052 
 57241080  7020  8154 
 57256875  6525  8775 
 57261991  5921  9671 
 57287160  7518  7620 
 57316248  6732  8514 
 57376800  7356  7800 
 57395695  5957  9635 
 57481600  7040  8165 
 57561273  7551  7623 
 57652870  7502  7685 
 57668724  6726  8574 
 57761280  7521  7680 
 57765150  7551  7650 
 57767418  7587  7614 
 57789076  7508  7697 
 57816940  6794  8510 
 57842680  6740  8582 
 57861612  6612  8751 
 57891105  7155  8091 
 57999825  5925  9789 
 58026298  6809  8522 
 58061830  6830  8501 
 58066920  6060  9582 
 58139662  6962  8351 
 58176648  6648  8751 
 58177408  7451  7808 
 58184640  6810  8544 
 58212967  6521  8927 
 58218660  6612  8805 
 58263196  6362  9158 
 58468720  7265  8048 
 58546912  6128  9554 
 58594846  6854  8549 
 58636944  6936  8454 
 58661820  6651  8820 
 58663944  6954  8436 
 58686250  6650  8825 
 58697379  5967  9837 
 58703472  7503  7824 
 58720950  7290  8055 
 58867600  6800  8657 
 58921060  6005  9812 
 58939884  5988  9843 
 59016078  6501  9078 
 59194597  5951  9947 
 59210680  6521  9080 
 59264905  6209  9545 
 59307664  6536  9074 
 59365215  6213  9555 
 59378215  7193  8255 
 59394060  6534  9090 
 59446836  6654  8934 
 59476225  6425  9257 
 59484730  7394  8045 
 59588460  6588  9045 
 59601168  6501  9168 
 59629275  6225  9579 
 59647068  6564  9087 
 59657818  6971  8558 
 59664208  6584  9062 
 59691037  6503  9179 
 59771065  7565  7901 
 59806390  6038  9905 
 59816790  6105  9798 
 59826915  6285  9519 
 59887719  7599  7881 
 59908765  6587  9095 
 60157084  7514  8006 
 60159253  6503  9251 
 60169086  6681  9006 
 60188850  6801  8850 
 60191365  6605  9113 
 60197719  7619  7901 
 60217911  6201  9711 
 60219360  6603  9120 
 60230578  7526  8003 
 60284898  6849  8802 
 60291715  6215  9701 
 60375825  7305  8265 
 60397641  6603  9147 
 60635920  6506  9320 
 60726928  6728  9026 
 60855790  6758  9005 
 60906784  7004  8696 
 60933159  6153  9903 
 60987190  6710  9089 
 61058758  7058  8651 
 61087950  7095  8610 
 61107970  6710  9107 
 61158739  7169  8531 
 61163959  6569  9311 
 61179300  6300  9711 
 61187800  7100  8618 
 61253788  7538  8126 
 61259800  6251  9800 
 61271964  6714  9126 
 61295616  6651  9216 
 61296430  6641  9230 
 61305678  7563  8106 
 61342897  7469  8213 
 61360780  7130  8606  7613  8060 
 61364965  6365  9641 
 61383379  7361  8339 
 61471917  6747  9111 
 61489935  6183  9945 
 61496352  6432  9561 
 61496500  6500  9461 
 61509474  6474  9501 
 61583278  7523  8186 
 61587378  7173  8586 
 61589290  6218  9905 
 61590474  6501  9474 
 61612992  6216  9912 
 61642782  7461  8262 
 61701880  7610  8108 
 61717914  6774  9111 
 61739172  6732  9171 
 61787520  7572  8160 
 61852698  6681  9258 
 61874095  7691  8045 
 61874595  7149  8655 
 61895790  6798  9105 
 61970832  6831  9072 
 61974913  6743  9191 
 61992265  6221  9965 
 61995541  6491  9551 
 62017830  7203  8610 
 62079147  6747  9201 
 62107821  7221  8601 
 62159944  6251  9944 
 62172810  7221  8610 
 62293675  6725  9263 
 62347936  6473  9632 
 62375800  7253  8600 
 62465976  6756  9246 
 62467960  6746  9260 
 62469135  6621  9435 
 62578894  7589  8246 
 62739864  6423  9768 
 62761797  6777  9261 
 62787919  6827  9197 
 62847274  7427  8462 
 62875890  7095  8862 
 62893017  6831  9207 
 62970880  7028  8960 
 62972248  6827  9224 
 63097825  6803  9275 
 63188995  6395  9881 
 63224788  7634  8282 
 63261891  6831  9261 
 63278140  7340  8621 
 63287500  7625  8300 
 63419917  6941  9137 
 63649872  6864  9273 
 63691078  7106  8963 
 63701874  7674  8301 
 63753480  7560  8433 
 63787648  7376  8648 
 63851746  7646  8351 
 63858784  7568  8438 
 63884992  6848  9329 
 63926460  6630  9642 
 63929250  6930  9225 
 63938160  6831  9360 
 63945738  6834  9357 
 63962460  6642  9630 
 63963508  6503  9836 
 63981760  7160  8936 
 64167952  6746  9512 
 64187550  7455  8610 
 64287985  7265  8849 
 64431985  6845  9413 
 64529298  6822  9459 
 64562998  6542  9869 
 64598625  6825  9465 
 64671687  7467  8661 
 64717096  7076  9146 
 64737864  7674  8436 
 64742976  6624  9774 
 64781293  7691  8423 
 64879375  6875  9437 
 64913764  6731  9644 
 64957828  7652  8489 
 64963800  6600  9843 
 65195248  6854  9512 
 65217865  7565  8621 
 65269818  6621  9858 
 65396380  6860  9533 
 65437785  7545  8673 
 65447856  7554  8664 
 65516872  7661  8552 
 65519860  6860  9551 
 65564928  6864  9552 
 65674980  6654  9870 
 65677392  6732  9756 
 65681784  7581  8664 
 65698375  6653  9875 
 65793807  7503  8769 
 65798680  7598  8660 
 65819578  7691  8558 
 65867197  7667  8591 
 65868795  6885  9567 
 65873920  7352  8960 
 65879775  7575  8697 
 65933788  7853  8396 
 65942968  6692  9854 
 66278920  6722  9860 
 66479728  6872  9674 
 66591900  6900  9651 
 66787600  7766  8600 
 66791835  6861  9735 
 67018428  7614  8802 
 67089937  7793  8609 
 67090954  7406  9059 
 67095904  7409  9056 
 67129969  6761  9929 
 67149000  7461  9000 
 67194400  7100  9464 
 67249102  7421  9062 
 67295488  7592  8864 
 67382928  7632  8829 
 67578880  7880  8576 
 67619043  7461  9063 
 67692960  6960  9726 
 67889200  7628  8900 
 67898052  7086  9582 
 67910445  7041  9645 
 67938412  7613  8924 
 67978750  7769  8750 
 67981725  7617  8925 
 67988992  6989  9728 
 67991035  7013  9695 
 68019709  7901  8609 
 68097190  7910  8609 
 68128384  8126  8384 
 68147968  7616  8948 
 68267952  7626  8952 
 68392750  7925  8630 
 68399239  6893  9923 
 68569920  6960  9852 
 68619577  7661  8957 
 68637780  7830  8766 
 68674738  7766  8843 
 68712934  7418  9263 
 68732878  7823  8786 
 68733499  7643  8993 
 68774188  7868  8741 
 68776960  7676  8960 
 68791900  7100  9689 
 68807520  8076  8520 
 68874124  8174  8426 
 68877760  7760  8876 
 68913684  8169  8436 
 68974780  7940  8687 
 69017080  7601  9080 
 69149596  6956  9941 
 69174175  7175  9641 
 69245730  7365  9402 
 69271200  7200  9621 
 69274975  7469  9275 
 69293070  7623  9090 
 69337768  7736  8963 
 69359724  7356  9429 
 69373678  7766  8933 
 69413760  7416  9360 
 69429717  7497  9261 
 69593728  7298  9536 
 69671398  7193  9686 
 69687580  7685  9068 
 69701170  7601  9170 
 69724800  7200  9684 
 69738804  7806  8934 
 69739857  7953  8769 
 69762510  7662  9105 
 69778165  7961  8765 
 69789370  7763  8990 
 69873840  7380  9468 
 69895075  7685  9095 
 69907684  7694  9086 
 69981079  7091  9869 
 70174962  7761  9042 
 70224588  8022  8754 
 70475391  7413  9507 
 70691283  7683  9201 
 70820896  7862  9008 
 70915464  7464  9501 
 70928640  7860  9024 
 70978995  7905  8979 
 70992873  7239  9807 
 71029408  7802  9104 
 71049600  7401  9600 
 71069350  7601  9350 
 71092890  7821  9090 
 71199000  7911  9000 
 71268799  7679  9281 
 71270946  7746  9201 
 71387694  7374  9681 
 71395636  7631  9356 
 71396770  7310  9767 
 71469450  7410  9645 
 71527297  7757  9221 
 71618872  8216  8717 
 71649081  7401  9681 
 71673493  7673  9341 
 71782848  8172  8784 
 71799070  7910  9077 
 71890335  7335  9801 
 71892598  7298  9851 
 71893714  7871  9134 
 71910990  7911  9090 
 71920890  7809  9210 
 71977405  7415  9707 
 71983912  7832  9191 
 71998168  7898  9116 
 72099688  7988  9026 
 72369760  7760  9326 
 72388750  8273  8750 
 72494248  7844  9242 
 72547398  7854  9237 
 72879930  7890  9237 
 72891364  7826  9314 
 72919350  7350  9921 
 73187955  7857  9315 
 73199556  7356  9951 
 73203669  7623  9603 
 73238926  7823  9362 
 73410939  7413  9903 
 73484739  7443  9873 
 73747989  7497  9837 
 73895940  7905  9348 
 73921887  8277  8931 
 73940688  8496  8703 
 74199645  7461  9945 
 74398680  8493  8760 
 74420928  8247  9024 
 74557818  8517  8754 
 74557980  7554  9870 
 74771599  7517  9947 
 74884738  8474  8837 
 74955780  7857  9540 
 74964708  7644  9807 
 74995312  7952  9431 
 74995470  7974  9405 
 75019896  7896  9501 
 75188592  8592  8751 
 75190914  7914  9501 
 75294688  8564  8792 
 75296875  7625  9875 
 75462880  8654  8720 
 75698428  7682  9854 
 75698680  8696  8705 
 75818664  8664  8751 
 75869640  7854  9660 
 75937950  7935  9570 
 75990964  7994  9506 
 76181976  7761  9816 
 76389120  8376  9120 
 76391392  7931  9632 
 76498992  7929  9648 
 76629820  8270  9266 
 76763880  8760  8763 
 76798480  7880  9746 
 76877815  8765  8771 
 76903848  8637  8904 
 77119497  7917  9741 
 77329939  7793  9923 
 77880496  8048  9677 
 77969952  7992  9756 
 78188814  8811  8874 
 78190060  8060  9701 
 78195960  7851  9960 
 78196450  8675  9014 
 78289672  8726  8972 
 78298717  8771  8927 
 78447289  8447  9287 
 78469240  8474  9260 
 78588189  8859  8871 
 78615094  8054  9761 
 78795850  8075  9758 
 78805912  8081  9752 
 78975000  8775  9000 
 78980850  8805  8970 
 79083355  8753  9035 
 79088310  8013  9870 
 79128657  8271  9567 
 79168819  8171  9689 
 79192080  8712  9090 
 79348045  8435  9407 
 79381741  8471  9371 
 79388091  8907  8913 
 79680960  8760  9096 
 79813152  8571  9312 
 79816608  8706  9168 
 79836025  8675  9203 
 79851136  8576  9311 
 79859128  8189  9752 
 79866922  8297  9626 
 79868200  8600  9287 
 79968915  8697  9195 
 80172976  8201  9776 
 80181981  8181  9801 
 80198779  8087  9917 
 80297127  8727  9201 
 80361981  8301  9681 
 80497264  8744  9206 
 80499357  8409  9573 
 80569395  8655  9309 
 80662972  8762  9206 
 80792950  8975  9002 
 80915940  8940  9051 
 80961412  8612  9401 
 80990199  8901  9099 
 80993700  8709  9300 
 81193671  8361  9711 
 81249795  8745  9291 
 81249876  8628  9417 
 81273964  8726  9314 
 81290835  8835  9201 
 81313299  8913  9123 
 81469066  8666  9401 
 81536890  8315  9806 
 81559840  8510  9584 
 81739588  8351  9788 
 81919552  8951  9152 
 81930870  8301  9870 
 81948640  8681  9440 
 81965943  8493  9651 
 81984892  8894  9218 
 81992911  8921  9191 
 81996736  8936  9176 
 82196950  8261  9950 
 82199250  8925  9210 
 82239183  8823  9321 
 82398190  8390  9821 
 82489716  8718  9462 
 82739817  8871  9327 
 82797925  8927  9275 
 82937439  8973  9243 
 82950768  8706  9528 
 82985760  8580  9672 
 83119297  8927  9311 
 83190946  8906  9341 
 83195874  8718  9543 
 83696935  8633  9695 
 83756938  8786  9533 
 83764912  8624  9713 
 83912760  8730  9612 
 83926750  8630  9725 
 84091945  8945  9401 
 84372966  8643  9762 
 84479598  8487  9954 
 84497656  8654  9764 
 84589960  8840  9569 
 84957570  8754  9705 
 84958600  8804  9650 
 84996184  8981  9464 
 85109958  8958  9501 
 85594900  9050  9458 
 85799236  8972  9563 
 85916934  8634  9951 
 85995130  9035  9518 
 85996800  8958  9600 
 86139495  8931  9645 
 86591974  8951  9674 
 86792944  8744  9926 
 86794092  8946  9702 
 86935792  8732  9956 
 86987808  8808  9876 
 87092496  9027  9648 
 87159960  8751  9960 
 87291985  8921  9785 
 87698880  8880  9876 
 89091090  9090  9801 
 89193897  8931  9987 
 89598460  9065  9884 
 89901900  9081  9900 
 89904672  9204  9768 
 89909190  9090  9891 
 89911255  9155  9821 
 90154989  9489  9501 
 90691447  9401  9647 
 90917995  9179  9905 
 90937174  9374  9701 
 90946876  9407  9668 
 91095588  9501  9588 
 91695420  9510  9642 
 91699551  9561  9591 
 91794550  9410  9755 
 91950678  9501  9678 
 92591725  9521  9725 
 92864952  9426  9852 
 92916481  9461  9821 
 92988364  9428  9863 
 93579381  9513  9837 
 93698500  9500  9863 
 94298760  9642  9780 
 94357998  9534  9897 
 94619952  9546  9912 
 94729680  9627  9840 
 94765198  9614  9857 
 94765918  9617  9854 
 95438970  9705  9834 
 95879295  9729  9855 
 95999260  9692  9905 
 96098800  9800  9806 
 96399072  9702  9936 
 96977920  9776  9920 
